version https://git-lfs.github.com/spec/v1
oid sha256:3e73323a69d6969ee48ceeec20bed2624f4b494682f86a37c6b6162aa085e247
size 36046
