version https://git-lfs.github.com/spec/v1
oid sha256:3ae35d3f646620d1684aaec4c5f5561268a27303b520e68ba30f445e24a2cb0e
size 34232
